348
344
344
348
352
351
349
343
354
347
351
355
347
350
350
341
353
353
347
344
348
349
348
348
349
350
349
352
345
348
346
347
350
351
352
350
362
354
351
350
347
340
340
347
345
347
343
347
352
352
349
351
347
354
350
346
353
346
344
342
344
350
350
344
347
346
346
349
355
345
348
348
348
348
354
345
343
353
344
352
346
347
346
342
347
342
353
345
349
342
348
348
349
353
343
354
345
345
345
351
339
343
349
343
342
346
349
352
345
349
356
358
357
350
346
349
347
343
353
345
349
348
345
349
349
354
350
348
351
354
352
356
346
347
344
356
346
351
345
344
349
346
350
344
345
349
348
344
355
347
354
349
353
348
350
351
344
343
353
355
347
345
342
346
349
348
348
344
358
350
352
346
342
345
347
354
343
356
354
353
354
352
350
353
344
346
350
347
351
347
349
348
353
355
348
346
350
345
355
353
352
348
349
348
354
353
349
351
343
344
344
346
348
353
351
358
358
355
355
354
355
351
346
350
348
344
346
354
344
348
349
354
353
350
354
352
357
355
345
349
347
343
357
351
349
348
340
346
347
351
351
351
354
354
360
361
358
352
352
352
356
355
353
354
349
347
345
357
347
346
351
347
346
346
346
350
348
350
351
341
346
344
346
341
346
345
347
344
348
346
342
346
345
340
346
344
341
345
351
354
352
348
350
351
340
350
348
356
344
356
353
353
348
349
350
347
339
346
344
350
346
347
347
348
355
354
349
344
346
345
341
345
336
343
353
346
354
348
350
347
352
362
350
341
349
343
348
355
352
349
351
346
348
350
353
345
348
354
352
349
352
355
348
343
342
349
353
348
349
351
342
351
350
348
343
355
350
352
351
345
349
341
346
345
351
351
346
347
349
344
351
350
349
351
348
348
352
358
347
342
347
352
340
347
349
348
360
347
349
354
347
344
350
349
354
356
359
348
352
351
351
350
352
353
345
350
344
347
351
351
354
342
336
341
349
343
347
346
347
350
352
354
355
350
354
347
351
354
350
358
345
348
346
354
357
351
346
348
351
356
353
348
345
345
348
345
343
347
341
353
348
355
353
352
351
350
348
352
349
352
347
353
351
355
355
349
349
351
346
347
344
349
347
348
343
351
352
355
348
344
344
342
345
344
341
349
343
346
348
344
340
352
352
354
346
340
350
351
350
350
346
350
348
346
355
348
351
351
353
351
351
344
348
345
349
356
360
352
342
348
342
348
346
347
342
349
345
343
348
347
352
345
350
342
344
351
342
343
345
353
348
342
345
344
346
353
352
348
343
349
347
346
347
347
359
344
350
349
358
351
356
351
361
356
345
350
344
347
342
344
353
354
347
346
351
346
353
357
346
349
348
353
359
347
348
352
346
351
348
348
356
352
346
352
355
352
352
354
343
347
343
347
347
350
352
354
355
353
347
345
347
346
358
353
349
347
355
347
347
349
350
348
353
351
349
352
359
356
347
351
345
356
341
347
350
348
352
346
354
346
347
350
353
352
352
348
348
347
349
349
344
356
349
351
347
347
345
348
346
347
339
349
349
350
349
347
355
341
348
348
352
353
354
349
349
352
354
351
351
350
355
351
352
358
347
344
346
349
347
355
344
349
348
346
339
344
348
344
345
350
354
352
348
343
355
350
350
353
345
349
346
352
346
351
350
347
351
350
351
351
348
358
345
355
351
352
344
346
358
348
346
340
353
350
348
342
352
360
365
353
352
349
352
356
347
354
353
349
350
352
353
350
350
359
353
351
349
348
353
349
352
357
352
341
355
344
348
347
343
349
347
353
348
353
350
349
347
353
352
346
343
350
345
342
343
341
343
346
351
349
350
354
355
345
343
342
342
342
341
353
347
347
354
353
345
347
353
347
346
341
345
349
344
350
347
355
350
349
352
348
347
345
350
351
352
354
355
352
354
351
352
348
350
349
357
359
353
348
350
353
349
352
347
345
350
356
341
345
351
352
358
361
353
344
354
346
349
356
352
351
342
350
346
348
353
350
348
348
345
351
343
350
356
348
355
344
344
345
344
342
339
336
337
342
348
348
361
354
361
351
359
353
351
336
341
346
336
317
326
351
392
386
362
338
332
354
366
357
337
337
348
355
345
320
297
299
342
396
399
351
327
336
369
384
357
335
327
356
359
352
317
270
267
363
454
414
322
280
332
408
428
366
313
315
382
402
362
310
300
273
241
342
457
442
331
268
319
407
421
354
326
350
396
414
377
327
307
284
231
287
381
457
403
320
278
343
416
414
337
308
356
424
426
373
335
337
308
250
192
306
468
482
362
253
282
400
453
379
314
331
397
430
390
320
274
222
208
340
488
484
343
240
283
411
459
393
320
329
399
428
359
269
204
170
304
498
516
364
231
265
393
470
435
349
318
372
394
343
257
148
249
436
504
418
288
236
332
429
467
416
344
331
354
307
229
137
253
459
536
422
251
215
339
494
511
383
301
313
327
308
245
179
316
464
480
385
296
280
377
452
432
378
333
323
298
271
230
242
342
444
462
392
333
357
387
412
391
347
330
321
306
288
268
278
328
378
406
384
380
377
373
374
356
354
335
324
318
318
310
303
305
350
391
402
400
372
357
369
364
359
336
337
318
341
347
338
342
313
340
362
385
384
363
350
355
378
349
340
325
349
347
337
351
346
352
343
353
364
347
335
361
371
366
354
335
344
346
348
346
339
352
352
360
356
337
338
357
346
373
354
343
322
355
355
366
333
336
356
353
350
345
339
334
331
341
355
367
354
354
351
357
357
351
341
333
356
349
343
348
351
343
353
352
348
337
362
343
341
347
332
338
358
349
345
355
356
347
364
353
345
353
358
358
356
347
343
355
341
345
353
334
347
340
357
340
345
349
347
355
350
343
353
354
353
341
350
353
352
349
342
351
343
345
354
354
364
367
341
351
349
364
349
339
340
345
355
333
353
353
358
337
345
348
359
361
348
336
345
343
351
368
356
348
346
352
365
358
339
355
362
355
350
356
353
347
341
348
349
338
335
345
348
358
342
335
343
350
354
345
337
335
358
352
338
346
345
345
342
342
352
347
350
341
347
352
349
346
350
351
359
352
358
345
345
359
347
341
342
336
337
337
341
339
344
351
377
382
383
375
358
338
332
310
289
262
304
378
427
439
378
329
352
412
413
358
302
290
258
249
326
429
448
387
319
306
321
394
454
413
341
310
303
294
227
269
372
430
438
388
315
297
339
402
439
420
356
299
275
268
235
277
397
441
408
364
309
291
340
397
435
421
365
312
291
294
250
269
338
423
439
382
326
311
328
364
447
443
378
323
302
298
280
273
313
394
433
413
362
321
304
351
417
431
392
332
305
304
287
254
282
353
411
438
391
334
306
324
378
425
407
351
324
312
314
291
269
309
379
424
423
386
325
306
362
410
416
380
342
322
316
314
278
288
324
388
431
407
355
319
321
380
420
386
354
345
333
317
311
274
281
324
395
425
389
331
313
346
397
404
363
348
335
318
299
293
279
297
339
386
428
374
324
329
372
395
389
357
359
334
326
305
305
278
313
370
406
428
369
328
352
382
395
374
354
325
334
334
324
310
287
316
375
402
394
360
326
359
391
381
364
352
334
322
315
302
290
311
338
402
414
364
330
348
383
392
373
364
347
345
335
302
288
297
333
398
410
379
352
340
372
401
383
369
352
337
328
317
295
266
328
401
409
400
351
331
367
398
389
349
343
326
328
308
277
264
329
395
419
393
336
314
381
430
398
353
335
318
314
296
253
270
345
440
422
353
315
320
397
441
383
340
326
324
296
248
215
345
462
436
369
308
304
407
465
418
339
330
338
307
239
171
354
504
445
343
263
304
440
485
388
326
338
356
306
192
198
400
553
402
265
274
365
496
468
330
317
375
345
234
109
320
489
516
323
192
363
518
452
359
326
369
403
272
113
131
511
602
298
170
331
498
472
312
313
431
424
323
193
124
319
544
474
182
230
512
468
274
287
446
458
359
281
238
186
273
506
506
216
249
488
435
275
292
455
514
364
305
315
264
90
350
519
423
223
277
493
437
238
290
470
496
354
316
357
329
178
142
508
566
192
183
494
497
282
221
394
533
387
281
395
441
277
94
122
525
578
179
186
493
493
287
233
385
489
393
287
391
466
351
202
192
257
488
492
215
240
475
442
273
273
400
449
373
316
389
415
326
223
178
306
489
457
237
259
466
473
290
260
374
440
394
347
371
399
348
233
152
338
499
440
258
243
427
491
333
245
359
431
407
357
358
365
329
234
133
344
493
436
320
268
346
455
403
314
317
393
421
379
340
310
302
287
250
281
354
416
420
354
306
352
366
369
354
347
353
366
360
352
346
345
333
320
313
334
351
350
356
356
365
375
373
347
337
355
358
349
335
342
345
330
335
343
353
352
349
342
344
360
356
334
341
356
353
349
341
337
347
339
327
347
367
365
344
341
342
356
348
336
346
353
341
347
348
353
347
348
348
360
363
358
355
349
350
346
349
362
353
355
354
345
344
343
337
347
354
361
362
356
351
344
342
354
357
345
353
353
351
346
347
348
354
354
351
358
358
345
345
343
349
344
346
357
351
348
351
351
346
345
348
344
354
346
340
346
346
345
343
349
351
360
349
353
354
364
358
361
353
345
347
351
354
355
354
352
355
346
351
350
358
355
354
350
341
343
349
348
348
343
358
352
348
353
345
340
344
343
354
348
351
351
350
355
364
332
382
353
324
402
376
324
355
356
359
356
331
365
379
355
340
344
360
379
366
341
349
352
349
334
336
354
348
344
336
351
353
342
335
353
351
339
335
347
357
347
343
355
355
360
354
338
338
344
350
340
324
330
337
321
321
330
325
314
317
315
319
313
304
303
302
309
314
310
324
321
329
322
322
322
307
298
285
292
298
295
303
314
328
358
360
322
330
336
335
338
377
378
384
415
413
406
419
406
395
411
388
393
401
399
411
397
405
410
385
395
387
377
377
366
381
357
413
454
426
460
447
414
412
358
366
366
321
313
325
309
298
311
374
376
366
419
398
399
383
346
341
308
306
277
271
251
301
338
342
365
368
385
367
369
385
354
315
309
274
291
265
190
334
420
306
349
409
352
371
377
383
385
325
302
291
277
255
162
424
440
292
378
408
331
352
413
368
386
376
315
293
275
242
184
483
433
224
382
458
315
315
424
432
373
365
370
336
288
245
221
287
491
354
284
438
405
277
373
444
379
368
381
376
354
277
236
212
300
504
345
263
456
401
257
381
449
333
385
412
349
382
317
233
230
164
533
422
149
390
552
258
235
495
409
252
435
420
331
388
302
231
242
150
492
435
186
405
493
258
296
483
354
266
468
427
291
433
357
215
262
144
502
460
128
354
573
284
208
482
420
218
385
508
308
374
420
273
273
201
238
531
390
212
468
449
193
369
512
254
265
508
422
288
437
390
268
269
211
188
545
394
198
474
453
209
373
492
243
279
493
380
314
463
377
274
353
279
181
204
532
365
174
456
456
217
323
460
289
289
438
354
323
446
354
314
443
325
259
295
212
446
510
228
294
549
325
181
449
459
202
340
491
308
293
526
378
272
437
362
279
353
295
218
186
493
392
223
424
436
257
351
441
293
328
460
335
270
443
446
270
382
418
301
346
373
304
315
306
233
301
478
327
258
466
371
246
410
447
279
324
442
355
318
395
364
314
363
397
333
340
360
334
345
334
323
321
225
417
426
252
332
444
340
290
394
395
327
358
388
338
350
384
365
336
365
369
315
340
368
312
287
253
436
421
255
327
481
357
250
379
433
315
313
407
378
304
352
389
336
313
363
366
344
358
368
354
336
352
366
332
332
354
356
343
343
349
343
327
346
346
342
342
359
337
332
337
327
328
344
341
316
388
400
343
361
377
344
333
358
359
349
339
345
330
330
319
362
402
355
336
377
385
337
337
363
370
362
351
357
360
342
334
354
358
342
342
358
352
350
365
358
346
355
352
341
344
351
343
346
360
351
341
352
357
337
340
348
345
337
346
357
345
344
346
351
346
349
352
337
347
349
348
354
352
347
342
349
351
345
346
355
346
350
352
348
353
354
359
350
356
355
354
351
350
346
349
360
350
344
349
345
338
348
353
361
352
348
348
337
355
348
358
345
346
358
361
356
347
343
349
334
347
347
349
347
343
342
348
343
356
352
339
353
349
343
357
351
347
351
353
358
348
355
369
336
344
353
355
368
357
349
342
355
356
345
345
339
355
351
349
347
361
339
347
353
347
360
342
351
347
344
359
351
349
344
341
353
343
355
339
344
352
325
339
357
343
346
352
357
360
353
352
350
333
350
344
347
346
345
338
338
348
346
352
351
358
342
344
366
341
342
349
371
354
329
350
353
337
347
341
347
356
347
356
353
349
356
358
355
329
339
349
332
349
351
352
348
344
333
348
348
362
364
356
340
343
352
360
371
323
325
347
339
352
337
357
355
339
352
362
343
343
336
362
352
366
350
366
354
349
353
350
358
340
348
348
362
340
344
354
371
342
371
360
337
344
357
369
340
358
339
361
340
351
339
348
353
346
351
353
354
333
347
339
353
344
340
350
345
356
330
343
349
349
353
346
347
358
347
351
350
345
334
335
341
347
348
346
350
330
321
333
330
342
342
338
346
353
354
362
353
350
363
353
369
373
355
356
336
367
355
370
354
351
368
368
345
351
369
374
368
366
341
365
363
358
346
331
326
348
343
339
321
326
343
350
325
332
330
341
329
336
343
338
342
331
339
345
335
341
337
336
337
329
337
332
330
335
342
342
341
330
342
341
348
342
345
340
345
343
349
347
347
354
352
352
356
344
350
351
352
355
358
355
360
352
356
354
359
361
357
367
364
365
370
366
361
359
357
353
349
347
354
354
349
350
350
345
350
359
348
352
352
349
356
355
352
358
358
354
356
356
351
350
352
349
345
346
346
347
350
359
355
353
351
353
352
343
352
348
352
353
349
351
356
355
350
352
355
348
345
349
342
357
351
356
343
348
353
358
353
345
350
365
361
359
348
349
368
363
344
338
343
342
341
344
349
348
347
348
352
344
344
342
351
356
349
350
348
345
353
351
350
355
347
350
345
364
355
346
346
345
349
347
346
344
349
351
346
353
357
350
343
346
343
344
345
348
357
352
352
344
342
346
350
349
350
355
355
354
347
346
346
352
349
347
348
344
350
347
345
346
350
337
339
340
343
345
343
351
352
343
346
350
347
344
352
349
344
341
344
345
345
345
347
351
346
340
346
353
351
341
342
347
351
348
340
353
352
340
349
350
350
357
351
352
356
353
346
351
353
351
355
348
345
346
347
345
350
354
350
353
349
348
351
347
343
347
349
353
343
350
349
348
348
347
347
348
355
347
351
344
348
349
348
361
357
358
357
361
359
353
353
344
347
342
343
344
338
336
342
344
348
341
342
335
343
343
347
344
345
338
337
344
350
353
355
362
362
357
363
360
361
354
359
363
359
356
360
357
359
358
352
356
346
348
349
347
343
343
345
341
349
346
345
350
346
347
348
346
348
347
348
351
348
341
350
345
351
350
350
346
352
345
350
347
345
344
347
343
347
352
353
352
356
349
351
355
357
352
346
343
341
345
347
346
348
348
353
357
354
351
350
349
345
343
340
343
345
340
343
346
352
347
349
350
355
351
345
355
346
347
344
344
350
352
354
359
356
345
352
348
345
347
340
352
349
343
350
353
351
354
355
357
353
342
346
341
346
347
352
353
349
351
345
349
351
347
357
347
349
340
343
346
348
352
351
349
352
344
346
347
346
352
349
350
353
346
350
356
345
344
358
364
356
353
351
345
341
344
344
341
340
350
336
348
350
347
348
350
351
345
350
356
350
352
361
351
353
349
351
343
349
356
352
347
347
350
342
343
348
351
341
345
350
355
347
357
346
347
350
346
348
351
352
352
354
343
347
348
346
348
349
345
346
347
346
353
351
348
349
350
347
354
350
353
341
359
355
346
350
353
346
348
353
356
353
355
349
353
343
342
341
344
345
343
342
344
347
341
340
341
345
348
346
350
348
348
352
346
355
353
349
350
345
344
350
350
346
347
347
357
353
351
350
348
346
346
345
345
351
342
346
352
352
354
353
356
341
346
351
356
349
351
350
350
344
336
342
346
348
349
348
345
349
351
349
350
350
356
343
348
348
345
348
347
346
349
355
352
346
352
355
349
347
347
352
352
347
353
348
349
356
355
350
341
353
347
355
345
348
349
347
348
349
354
357
359
355
346
348
351
355
353
344
346
345
342
350
348
344
343
352
346
354
356
351
361
349
355
354
348
346
344
349
351
348
352
345
349
344
344
353
345
342
342
344
343
351
345
356
354
350
352
344
341
345
355
350
347
349
345
348
348
347
358
357
353
356
359
362
357
353
363
355
352
344
352
358
359
352
356
349
349
352
349
350
348
349
345
344
352
353
351
343
346
346
347
348
347
345
348
341
353
343
342
349
349
346
347
349
349
354
353
351
352
344
351
354
352
346
347
349
341
346
349
345
348
343
345
350
355
346
354
341
348
348
345
354
348
349
351
348
338
348
347
343
354
347
355
347
349
352
353
344
354
348
342
347
353
340
345
344
344
362
347
358
358
354
353
354
349
352
351
351
346
350
346
352
343
348
352
346
342
343
348
344
344
347
350
348
346
343
344
339
344
339
351
352
346
344
345
353
340
336
346
349
343
348
344
343
346
352
352
354
348
345
347
354
347
357
355
352
353
344
351
348
357
349
353
357
346
343
350
348
349
342
349
350
339
341
344
340
342
342
342
346
346
353
355
356
357
357
351
346
344
344
346
350
365
358
357
350
357
357
347
354
352
344
349
357
354
354
352
351
348
344
351
346
352
347
349
347
340
341
342
340
347
342
346
352
347
347
345
346
344
346
346
342
346
347
357
355
357
354
355
350
346
346
344
348
354
353
356
356
358
353
351
353
345
341
349
347
343
345
350
342
352
351
351
340
350
348
342
347
351
354
353
361
356
355
353
353
353
353
344
345
346
346
344
344
352
350
343
348
345
336
321
328
336
353
357
361
357
360
363
353
343
344
346
348
350
352
351
354
348
349
353
347
344
339
340
338
354
349
352
352
353
358
365
352
354
350
345
346
344
342
350
341
339
348
342
353
347
347
347
350
349
346
346
348
349
347
353
350
355
350
346
349
352
342
344
338
345
335
345
346
348
349
346
352
356
358
360
363
363
357
354
344
337
342
346
345
343
337
344
339
342
346
354
358
360
362
360
352
349
358
353
350
360
357
350
352
343
330
325
313
330
337
346
369
367
362
360
361
356
340
346
347
348
346
357
354
359
354
362
355
363
355
354
353
350
342
344
341
342
348
341
336
334
330
338
341
362
372
364
350
357
363
364
367
353
354
340
336
328
317
312
296
326
359
400
405
361
331
349
348
344
360
354
345
358
374
375
368
362
344
344
348
337
301
284
264
304
370
435
419
334
291
333
383
395
369
356
375
392
388
365
320
300
270
245
214
358
484
409
298
286
346
423
399
325
303
388
496
432
323
306
322
287
211
175
415
544
390
225
283
433
456
352
264
337
483
474
354
304
313
267
177
212
434
539
381
229
274
443
479
359
284
361
465
432
325
275
260
202
152
401
565
412
233
267
417
480
394
328
359
425
424
340
230
196
130
341
560
492
248
203
382
509
432
319
329
412
442
346
224
153
129
425
600
425
213
222
399
513
459
352
345
403
387
275
133
78
286
606
578
278
138
314
520
535
365
292
370
423
288
74
55
272
603
583
283
139
297
523
544
374
280
342
403
275
37
178
466
594
408
197
213
413
553
501
349
289
353
342
175
130
382
573
477
255
199
338
494
497
380
302
347
355
218
96
213
523
572
350
185
262
446
529
454
326
318
358
276
45
197
458
565
414
229
228
398
520
491
357
293
334
303
147
229
416
504
409
256
255
387
492
481
360
298
319
305
214
178
375
531
441
293
252
354
492
491
368
297
323
325
259
149
266
454
514
395
288
306
447
494
409
312
303
312
299
270
247
315
403
415
381
366
381
412
392
369
350
314
311
314
294
275
298
337
382
396
386
380
363
366
364
341
314
327
324
311
329
320
334
341
353
355
370
357
375
358
352
344
353
352
331
343
342
350
347
345
337
362
364
351
346
354
350
347
353
329
332
365
374
339
328
339
347
340
352
346
345
351
355
369
337
340
376
345
340
306
355
350
338
334
354
370
347
359
381
363
329
352
360
337
350
345
355
390
361
348
342
339
351
363
359
384
358
353
353
348
332
357
351
359
328
351
355
350
353
343
342
359
340
330
336
366
343
360
356
345
345
354
356
334
350
355
363
340
350
354
328
382
354
337
354
349
356
363
364
346
345
348
345
346
347
353
342
358
353
363
352
355
359
354
335
335
367
358
343
337
346
332
364
350
365
337
365
338
345
355
342
329
333
344
354
361
349
347
357
347
354
352
360
341
364
358
344
354
346
349
353
343
356
357
348
349
365
351
347
354
345
351
345
353
360
350
347
348
356
345
347
350
360
349
347
337
328
348
357
337
346
364
356
351
336
336
351
359
360
347
343
351
364
351
353
338
325
342
360
347
349
352
335
333
345
369
354
345
346
350
341
348
350
350
345
337
346
344
335
349
343
354
365
342
347
364
365
350
342
346
343
355
336
329
344
351
347
359
350
361
355
355
356
352
333
319
308
280
279
315
404
452
421
387
378
386
377
343
286
250
194
301
445
480
417
318
283
409
491
419
313
308
302
261
171
309
469
472
372
309
297
400
489
446
343
294
303
278
180
277
427
478
430
330
277
351
466
462
346
290
313
298
227
234
326
441
461
379
314
309
386
457
426
343
297
308
303
229
253
330
442
459
380
303
321
398
448
391
329
315
326
308
253
267
330
431
463
407
334
312
368
423
387
359
333
312
287
282
257
306
397
426
402
357
304
340
400
395
354
336
325
315
311
292
279
322
400
412
393
348
331
350
388
372
345
351
348
329
321
307
292
325
367
391
389
352
343
366
376
351
354
364
331
337
332
324
315
322
341
376
390
364
371
376
358
371
367
348
358
344
351
336
314
297
317
367
386
385
375
370
377
357
361
350
364
358
344
331
336
335
333
328
340
353
362
366
368
366
368
368
365
346
354
325
342
352
335
330
338
343
359
363
364
363
357
352
341
357
354
343
331
329
336
321
335
337
344
355
365
368
354
350
354
372
352
337
330
345
337
314
323
336
324
344
365
381
381
370
367
366
372
351
353
351
330
316
325
319
303
344
371
396
380
352
354
378
385
368
350
360
349
305
310
303
263
318
383
428
390
326
323
383
419
389
352
346
356
336
281
253
205
326
428
447
378
287
309
397
453
401
330
335
364
334
270
215
188
393
519
405
297
270
345
466
459
354
334
371
378
301
216
152
301
473
508
322
219
350
455
452
376
333
371
406
345
250
181
115
433
557
383
253
251
437
506
363
319
403
429
385
301
259
205
121
479
557
320
242
321
469
468
308
316
446
428
344
299
291
239
92
344
476
452
273
223
456
493
297
285
403
457
368
309
334
330
226
29
355
528
430
254
226
449
501
282
247
426
478
370
324
372
362
291
116
252
539
554
226
154
462
528
337
251
345
456
433
335
329
410
386
248
170
155
515
607
245
150
406
514
397
267
251
421
471
362
309
380
417
342
255
198
107
453
578
311
209
350
451
434
316
241
355
455
414
320
358
409
374
280
233
180
347
452
460
352
243
316
456
439
318
287
346
415
409
353
350
356
317
296
300
283
298
336
398
414
367
327
333
345
347
355
361
370
364
356
337
345
361
368
348
326
322
339
351
334
327
353
360
367
360
359
358
359
354
360
349
353
363
354
346
338
346
347
352
348
348
349
341
342
354
359
351
336
339
352
350
355
350
353
348
342
351
346
347
344
336
336
345
349
339
343
352
347
339
346
357
357
350
346
347
352
348
346
355
352
341
345
352
357
347
345
347
344
343
343
351
363
350
351
348
351
349
351
350
343
342
354
359
354
345
342
350
349
341
350
344
356
356
351
353
345
345
347
341
350
345
350
352
349
342
352
339
346
349
348
351
353
350
353
352
352
341
350
345
348
359
350
352
349
348
345
346
351
358
349
353
350
350
354
347
343
357
354
359
357
353
355
355
351
358
345
343
344
353
351
346
345
343
348
355
348
352
357
343
347
350
344
346
358
350
358
357
356
348
355
354
319
364
389
338
313
334
367
352
346
332
334
336
367
365
355
335
340
340
340
359
339
334
357
358
346
353
342
343
345
347
352
344
339
350
346
338
353
349
340
352
344
348
343
357
351
342
353
360
346
340
343
348
348
349
353
354
356
354
355
355
354
349
347
349
356
336
331
337
347
344
344
345
339
350
346
345
333
320
306
302
296
294
302
330
343
390
390
395
400
430
443
461
510
545
528
586
545
496
447
351
306
309
241
199
224
156
162
233
211
207
272
212
184
231
206
190
254
274
274
300
303
310
333
338
328
368
370
360
383
386
378
380
382
355
342
360
377
362
403
433
395
394
418
388
381
404
364
389
394
341
339
340
313
319
326
336
354
352
350
349
358
359
325
343
349
314
267
504
464
272
367
494
363
306
428
461
379
381
414
370
331
341
335
293
241
531
444
196
398
551
294
258
482
416
243
366
456
324
316
439
409
346
388
403
341
335
331
300
304
276
231
486
398
189
366
497
275
250
432
373
251
361
410
287
316
407
349
323
381
358
310
339
320
298
314
307
308
300
187
407
426
222
348
461
296
247
423
376
272
361
403
312
338
402
338
360
439
335
329
406
344
294
365
339
306
343
316
283
242
432
384
241
381
435
278
305
425
341
297
398
375
315
374
393
322
344
412
348
345
385
340
322
374
346
340
358
331
340
369
327
303
337
366
378
344
349
366
350
336
362
355
333
351
362
347
350
379
367
341
352
352
338
351
349
339
341
338
325
324
303
416
378
297
369
390
312
343
393
343
322
374
346
314
372
368
329
346
366
333
339
369
346
338
359
384
348
348
359
367
343
333
338
343
344
337
352
350
334
339
357
338
344
356
338
356
352
348
348
338
361
382
357
360
355
356
346
355
350
351
353
346
351
349
352
342
340
339
332
334
324
383
363
326
356
370
338
330
365
348
341
350
356
344
352
357
345
352
350
346
347
356
348
351
346
350
338
356
345
337
356
348
334
376
356
325
339
356
335
344
363
343
337
355
335
338
349
338
332
340
346
329
330
381
361
325
347
373
340
339
356
353
338
356
363
345
341
366
355
340
355
355
336
339
335
323
325
365
367
340
330
363
352
326
351
360
345
336
362
365
343
346
362
353
343
350
363
351
339
353
353
353
352
357
350
343
345
351
353
344
351
358
335
330
360
353
341
353
375
347
345
360
358
346
353
353
356
346
342
333
333
373
364
326
359
373
344
339
339
334
341
351
340
348
356
346
346
354
344
343
348
353
349
349
353
344
344
350
348
354
351
357
359
355
348
358
353
347
356
352
349
350
354
353
351
351
348
349
351
346
343
348
351
352
354
350
356
348
348
358
346
356
357
351
354
346
351
351
351
344
346
353
346
345
350
359
360
345
345
341
363
355
360
358
354
354
360
351
353
349
361
353
354
354
355
361
352
336
337
350
362
351
350
352
354
344
343
348
345
351
359
344
332
348
343
347
348
339
360
344
356
363
351
328
350
352
344
339
346
352
359
348
352
348
356
346
342
333
331
333
347
355
350
342
352
342
348
342
337
357
355
340
346
345
344
348
342
343
347
352
344
349
355
344
342
342
352
359
343
350
345
355
350
356
349
361
344
347
345
341
360
339
351
351
359
349
351
350
352
355
350
353
349
342
350
357
347
340
337
343
351
356
338
342
346
354
334
361
352
349
347
347
346
357
346
361
349
354
358
361
346
339
349
350
355
351
345
357
351
355
361
359
348
362
362
343
344
349
351
351
351
353
347
337
342
359
354
340
346
348
346
345
338
353
344
346
357
352
340
350
349
344
351
355
350
353
343
346
352
364
351
354
347
354
349
346
351
362
353
342
346
353
361
367
344
352
357
350
359
358
361
363
347
342
351
343
354
343
343
337
355
344
346
354
348
340
354
346
365
348
343
359
351
354
340
343
342
370
345
352
341
351
340
354
347
360
364
346
350
368
355
341
345
345
342
343
343
351
354
352
344
328
338
358
363
365
339
349
336
348
355
339
363
359
359
344
353
340
353
343
367
351
342
339
363
354
345
343
349
346
345
347
351
349
349
343
350
352
351
364
351
347
350
353
351
355
356
355
354
357
348
351
354
350
353
352
354
347
352
349
355
351
343
350
350
349
349
349
348
349
357
354
353
349
350
349
347
340
348
357
353
346
353
350
344
347
352
347
345
352
351
351
342
351
350
347
348
348
349
344
349
340
341
341
348
354
347
349
348
348
342
342
343
357
348
347
350
360
345
349
347
353
348
353
347
351
348
342
356
350
348
341
348
342
353
348
347
346
345
354
354
350
348
349
344
347
346
346
350
354
347
341
347
347
347
361
348
346
356
345
351
343
350
351
347
349
349
357
358
355
349
346
381
375
349
345
343
356
368
352
350
339
344
348
354
344
347
353
345
341
349
347
351
354
350
341
349
352
343
347
344
351
349
348
341
346
349
346
340
350
356
353
348
348
349
343
338
339
351
342
344
340
351
337
344
345
353
349
359
352
354
356
357
353
347
351
343
347
350
344
350
355
359
351
354
350
347
349
340
351
350
348
349
351
348
351
349
357
357
356
356
354
354
348
353
353
352
346
343
346
347
344
346
340
346
345
345
350
349
346
352
350
351
356
349
348
355
351
357
354
349
354
344
346
351
347
348
346
346
352
352
346
352
346
348
349
344
341
344
343
344
351
355
350
351
350
345
348
347
347
343
344
347
352
343
350
344
341
345
346
347
345
346
346
348
351
345
348
352
356
350
349
352
351
346
351
351
341
350
348
354
353
356
351
345
353
352
352
353
353
356
355
355
350
352
345
355
353
352
351
346
343
339
349
343
342
348
347
352
339
342
343
351
347
341
349
347
346
346
353
350
348
344
342
346
348
347
335
345
349
347
350
353
350
358
352
353
362
360
348
352
350
360
352
349
349
351
345
349
349
350
350
349
354
362
352
353
349
351
357
353
350
356
349
346
354
352
344
346
353
351
346
347
352
346
349
350
344
353
351
348
350
348
351
350
350
351
359
351
352
351
351
360
355
353
356
352
353
346
351
340
342
350
349
350
345
355
347
352
342
345
347
347
348
347
346
340
347
341
345
342
351
340
346
352
350
341
355
347
356
350
346
347
348
344
341
345
347
350
351
353
346
348
356
354
349
357
347
352
358
352
351
350
343
349
342
344
349
353
345
342
351
352
351
358
359
355
359
356
350
351
345
347
358
352
354
351
349
355
346
349
343
344
347
356
348
346
348
342
352
351
350
344
350
346
352
345
347
351
350
347
350
347
354
347
344
353
355
353
346
345
347
343
342
339
351
346
348
342
350
353
343
348
347
343
347
348
344
350
344
343
352
353
346
345
352
343
350
348
346
349
347
346
348
346
343
346
342
346
348
342
344
349
355
352
344
352
347
351
350
351
349
349
352
347
348
357
348
344
344
347
346
349
348
363
353
351
359
352
354
349
347
353
347
346
350
346
348
348
348
346
356
351
350
352
350
348
344
351
349
352
351
350
352
352
356
352
351
353
349
354
348
339
354
360
352
343
349
347
345
342
349
346
343
343
350
347
346
350
347
349
354
349
344
348
352
345
347
350
352
348
353
357
344
350
345
346
346
345
355
357
355
347
352
346
345
350
346
346
347
347
348
344
344
346
361
353
351
356
358
349
352
348
346
342
352
352
342
348
354
354
349
354
349
342
350
350
349
352
347
354
356
357
353
357
352
352
353
357
354
356
348
342
345
349
350
349
350
354
351
349
343
350
351
352
342
345
345
347
342
348
343
351
353
343
341
340
344
353
343
347
340
341
340
346
349
341
348
352
347
348
351
352
348
354
358
352
351
345
352
347
347
349
352
353
348
351
354
350
352
346
348
346
352
347
343
342
349
347
356
353
348
351
351
349
351
349
350
346
351
350
350
351
352
338
345
354
353
355
347
349
346
342
345
352
351
354
357
349
357
351
350
348
351
358
348
355
353
354
350
346
352
351
350
348
348
346
357
353
347
345
344
341
343
348
343
349
347
355
343
352
345
344
353
342
335
348
343
339
344
344
344
347
350
343
345
340
344
350
353
347
344
351
353
346
352
349
352
355
345
349
350
347
348
353
351
354
353
354
351
347
343
346
343
345
342
345
353
349
346
349
358
353
349
356
348
349
349
352
349
348
349
352
358
350
352
354
361
351
353
352
352
352
347
354
347
361
351
351
352
352
353
347
351
359
351
351
352
350
349
346
352
344
352
347
345
345
345
343
349
344
344
346
344
349
351
351
355
346
346
355
342
350
351
343
344
345
345
351
349
353
345
348
341
349
341
342
339
349
351
346
343
347
350
347
343
347
348
353
352
354
349
356
356
359
352
359
348
347
354
347
355
355
355
342
352
351
349
343
342
349
351
348
350
352
356
352
350
351
350
348
349
346
341
348
348
352
344
346
350
354
354
353
350
349
348
354
352
353
353
354
352
357
350
352
354
352
349
347
351
355
351
348
350
341
354
347
356
344
353
350
342
345
346
350
348
346
354
352
349
343
346
355
354
350
348
341
344
346
346
335
354
350
347
348
348
343
346
354
351
349
350
346
350
352
346
339
353
352
352
353
355
350
352
351
355
360
347
345
345
350
343
339
345
343
343
347
349
347
351
348
348
352
346
346
347
347
346
343
344
343
349
351
350
342
339
351
354
348
353
353
349
346
347
351
357
348
351
343
344
348
352
344
338
349
351
349
348
345
348
347
350
348
353
345
348
347
350
345
342
359
359
350
352
347
339
346
353
352
354
351
357
354
349
346
347
346
345
350
353
343
348
359
358
358
350
346
347
347
358
350
354
348
346
345
344
350
348
347
341
347
355
350
348
343
359
355
346
346
350
350
343
354
352
349
351
347
345
349
353
348
344
352
342
352
351
347
352
348
348
350
338
344
347
345
347
352
359
353
348
343
351
341
356
351
350
349
355
349
358
356
356
347
346
346
350
350
348
349
346
349
355
360
351
351
352
350
343
348
342
352
344
347
348
349
349
352
353
347
353
342
339
343
347
348
347
348
345
346
351
351
353
356
351
355
355
354
357
352
352
349
345
346
348
348
351
351
349
356
351
348
348
347
359
349
347
345
350
348
352
351
342
345
350
347
351
345
352
349
341
350
348
346
335
343
346
347
340
342
346
342
350
353
357
353
355
352
356
354
350
350
346
348
348
342
341
335
340
343
346
348
346
347
346
350
353
338
351
351
354
354
344
352
352
357
349
351
348
351
343
349
346
347
353
350
349
349
352
351
347
342
341
354
350
346
347
348
344
348
341
347
349
346
351
353
347
354
346
352
353
352
350
349
344
350
355
351
352
348
352
350
348
349
351
347
347
345
344
345
351
351
346
345
349
350
354
349
355
350
346
354
347
349
344
342
345
348
343
354
352
350
350
354
353
358
354
353
354
357
348
363
355
358
350
354
352
351
349
348
344
347
339
342
349
350
356
350
353
348
357
350
353
349
349
352
347
350
351
356
356
348
353
353
353
354
345
347
343
350
344
339
347
345
347
346
346
341
349
349
345
346
351
343
345
349
343
352
349
344
349
346
349
351
354
352
345
349
346
352
352
351
346
357
347
352
338
349
345
350
355
349
346
347
350
355
347
348
344
348
350
351
347
343
354
355
348
348
351
347
351
349
342
346
350
351
360
354
351
345
345
340
349
347
352
349
342
345
341
343
351
343
348
351
350
343
353
357
352
352
348
357
348
345
352
350
350
341
344
346
350
347
349
348
351
349
344
345
345
352
348
348
351
350
344
343
347
348
345
350
355
349
353
347
354
352
348
344
347
347
345
348
348
351
355
347
351
353
348
352
347
348
350
346
344
345
347
348
343
344
349
344
345
345
355
348
344
349
348
354
343
351
352
352
347
349
347
351
350
354
356
354
349
353
355
353
352
346
353
357
353
347
351
348
353
355
350
347
359
343
349
347
351
347
349
352
348
355
353
359
353
359
359
349
351
346
352
347
350
350
358
354
359
350
354
350
350
355
353
358
360
342
346
347
340
347
348
352
351
354
350
343
339
344
359
349
347
348
350
344
346
351
350
354
349
345
349
352
345
342
348
350
349
347
347
352
353
353
346
350
349
344
347
350
344
355
349
345
350
351
347
347
358
358
347
347
346
346
341
344
343
349
344
353
347
353
348
353
349
345
345
344
342
341
345
342
350
343
343
345
347
346
348
342
343
345
343
347
353
350
348
354
351
353
356
351
353
349
359
354
351
349
349
346
345
349
345
350
353
358
356
352
353
342
349
352
348
343
344
347
351
354
352
352
345
347
347
345
350
350
353
348
350
347
350
353
350
350
347
347
352
351
350
343
348
348
344
349
347
349
346
350
350
344
343
341
340
344
336
347
352
350
358
365
354
354
347
352
339
348
357
355
352
356
360
360
356
354
348
343
337
336
336
335
350
362
370
369
367
360
348
345
342
342
351
353
361
357
357
360
359
363
359
364
350
339
338
332
326
321
311
325
346
369
368
373
363
347
338
334
340
331
345
350
357
368
364
369
360
352
342
335
331
336
334
335
317
301
338
359
381
367
354
353
345
345
362
357
364
363
354
354
348
347
334
298
289
345
364
368
384
370
356
343
353
357
354
349
364
377
376
358
342
344
340
324
300
263
316
396
414
375
339
340
354
375
371
354
346
380
407
388
348
345
337
312
275
231
329
436
439
349
285
330
403
414
332
302
369
423
410
356
343
345
342
289
206
208
422
532
386
230
284
412
443
335
264
347
454
424
348
326
358
342
257
161
261
481
518
330
208
322
489
438
270
267
432
477
385
305
342
350
288
169
160
454
583
363
183
298
487
473
294
269
413
472
376
311
330
333
273
157
339
522
492
286
204
389
521
398
283
343
455
418
330
317
330
293
185
260
470
514
312
206
352
487
400
283
331
440
416
334
311
319
284
155
332
519
424
242
241
421
507
364
258
353
449
405
311
291
287
218
145
420
553
387
212
282
461
453
323
306
413
427
360
312
305
256
109
254
534
499
269
231
391
465
379
335
413
438
347
283
296
280
131
252
512
492
274
226
389
471
370
320
399
455
352
268
248
253
146
317
507
460
297
266
401
438
336
323
412
448
364
281
260
203
287
467
520
327
203
341
498
435
297
301
428
440
355
290
250
155
283
504
484
272
238
386
469
381
310
376
433
374
281
239
207
329
477
471
281
197
353
513
438
284
303
440
451
330
245
224
163
369
519
424
262
266
416
471
344
302
381
448
389
285
201
121
304
530
474
268
215
372
495
424
324
344
411
398
298
199
82
308
551
496
274
192
353
508
451
329
320
385
408
318
184
79
315
568
493
267
202
376
507
446
340
315
375
401
304
168
133
406
586
420
223
252
416
488
416
329
339
388
370
272
198
240
397
485
388
315
329
374
421
414
359
343
364
352
294
283
313
324
338
357
364
369
365
368
381
367
362
355
344
335
320
321
343
355
342
326
332
346
354
351
348
364
358
335
335
355
351
343
347
352
341
329
353
356
346
348
360
357
339
333
349
350
365
356
356
337
347
349
345
326
351
358
339
331
336
339
351
359
358
352
350
347
348
347
334
344
359
358
349
348
342
342
345
339
349
334
353
348
367
353
346
353
368
360
362
352
357
348
354
344
329
342
357
349
357
335
348
348
362
356
343
354
352
345
348
345
360
360
365
328
336
354
347
361
347
356
354
345
331
349
337
349
355
340
348
344
349
361
371
353
328
346
360
357
359
355
360
356
352
344
343
343
346
362
371
338
348
345
347
348
346
349
342
355
343
349
359
352
346
348
348
348
341
362
344
349
355
350
352
348
349
349
352
358
361
324
342
350
346
370
347
348
349
366
347
351
355
342
350
345
346
365
359
355
332
343
346
346
357
351
342
369
329
331
356
351
348
354
359
340
338
338
347
350
347
342
351
353
370
360
353
357
355
336
356
361
365
348
357
351
348
347
354
333
344
342
365
345
346
335
341
343
347
341
345
348
338
322
341
339
357
339
338
349
345
350
352
358
353
344
340
349
338
350
334
346
344
346
342
354
338
355
343
338
354
357
361
356
347
359
348
345
352
339
355
356
347
344
351
349
350
345
346
351
350
346
353
352
337
346
341
348
343
340
352
347
349
341
342
347
346
347
360
360
349
346
349
347
351
348
350
348
349
344
346
344
346
353
343
353
351
351
345
355
352
347
350
355
353
359
354
358
346
346
352
345
354
352
348
346
340
349
350
349
346
347
353
347
358
354
356
357
350
357
358
357
355
355
355
363
354
354
347
350
347
348
346
352
354
350
348
347
342
346
347
346
346
354
353
350
355
348
353
351
352
347
338
343
348
350
349
350
352
352
343
348
340
345
351
350
352
348
343
349
346
350
350
351
352
356
345
352
350
348
356
349
360
354
349
350
346
344
342
344
341
340
348
343
346
342
340
339
341
340
347
343
348
354
342
347
349
342
344
346
346
345
338
342
343
349
349
350
347
351
356
350
353
350
351
348
350
354
349
351
352
346
351
349
348
348
352
358
353
354
353
352
348
351
341
348
351
351
348
346
348
352
354
346
348
346
338
348
355
354
349
348
354
353
353
356
345
353
348
354
354
352
349
342
347
353
355
350
359
356
349
354
344
350
349
352
347
350
345
348
353
356
355
354
351
347
349
358
347
349
353
357
352
347
358
357
329
334
339
334
338
338
348
345
349
350
369
373
361
349
344
339
324
325
320
308
302
337
420
411
321
293
373
412
373
324
335
386
385
347
334
359
365
327
324
318
326
299
284
399
443
346
281
338
414
390
328
324
389
404
368
337
351
364
333
302
295
284
254
320
444
404
298
316
399
399
318
299
385
433
382
321
339
377
354
297
288
294
294
321
455
450
304
271
352
433
399
298
320
415
411
348
332
377
379
333
287
274
288
264
349
445
403
307
311
387
403
338
308
384
428
386
338
350
385
354
295
255
265
263
368
459
411
300
285
374
431
368
309
351
423
398
349
353
359
350
302
267
257
250
351
451
418
305
276
376
435
367
320
351
412
411
366
349
345
347
304
276
251
259
401
492
371
265
321
432
435
346
314
389
423
389
340
337
343
320
273
252
229
347
481
438
297
274
384
449
389
322
347
419
410
342
323
341
334
293
236
197
330
500
456
298
254
375
454
399
307
326
406
418
356
319
333
343
296
230
198
373
510
433
269
268
414
454
373
305
344
430
410
344
309
324
324
266
225
228
417
503
374
256
298
423
449
345
294
367
448
412
334
317
341
324
266
199
296
481
516
321
205
329
472
451
305
283
386
453
397
324
321
348
318
252
206
305
486
497
317
214
333
491
441
302
292
407
452
387
330
324
348
313
234
208
230
434
501
357
237
303
445
437
311
275
388
445
391
331
330
351
328
263
213
202
383
513
421
256
273
399
455
352
268
353
469
416
335
328
354
354
297
240
233
272
438
485
344
247
328
455
430
302
280
415
451
381
321
344
368
329
267
216
203
364
514
442
266
251
407
477
350
262
360
475
418
330
321
350
358
295
227
220
348
473
444
309
261
356
459
396
276
293
463
465
363
323
361
378
327
241
212
208
420
529
380
223
272
431
460
331
269
381
466
404
316
319
347
354
283
215
174
372
522
437
266
234
373
462
387
286
333
437
431
363
322
331
345
312
246
199
337
479
467
346
259
285
417
452
355
325
379
431
401
351
317
320
321
275
228
310
407
461
404
289
263
353
430
409
365
343
376
394
376
337
305
297
284
267
318
379
441
432
350
293
328
386
411
403
370
355
348
364
354
327
299
280
271
304
366
423
431
363
306
303
349
388
419
402
350
333
346
354
343
309
289
286
279
331
399
418
391
349
309
308
359
403
406
360
332
341
342
341
336
316
316
310
294
310
368
406
400
370
334
325
351
380
374
363
366
367
352
347
348
344
343
323
298
310
355
381
396
365
338
338
348
358
365
363
363
348
344
341
361
357
349
328
321
330
333
353
362
366
358
350
350
367
357
358
352
346
348
352
359
356
343
337
321
341
343
365
363
339
346
346
350
358
361
349
349
338
351
352
365
370
345
339
339
339
343
358
340
352
332
352
357
340
346
343
345
356
352
350
353
345
340
347
336
347
353
352
354
358
353
356
353
351
347
339
351
356
347
347
362
338
363
358
327
361
341
349
362
339
331
356
369
348
345
347
345
350
357
349
349
346
358
356
344
340
349
357
356
357
348
346
345
359
353
335
338
346
346
359
356
345
336
337
351
340
350
342
335
357
353
336
339
334
344
344
360
355
347
338
352
350
356
361
352
352
356
347
347
355
354
356
366
364
359
345
356
342
347
350
342
339
349
351
341
349
346
343
344
349
348
352
361
358
342
331
344
348
343
345
339
348
356
353
349
349
349
338
346
337
341
351
351
344
343
354
350
348
348
353
347
349
347
343
350
350
352
353
352
351
349
354
346
344
342
350
338
343
340
351
350
349
346
346
352
352
350
353
354
354
358
357
358
350
355
348
352
353
350
351
351
348
356
352
360
355
353
351
352
353
353
355
358
355
355
354
348
352
346
349
353
347
355
345
346
346
347
341
347
343
353
343
348
341
342
335
349
343
342
340
348
350
349
355
349
346
350
352
352
350
348
350
352
358
355
348
347
352
353
351
351
352
354
345
345
353
348
354
353
342
346
343
342
334
341
347
346
353
347
354
353
352
348
354
356
355
353
351
349
351
355
347
351
354
345
348
356
352
346
346
342
352
347
350
354
349
345
349
347
348
346
352
349
354
344
352
349
352
355
346
344
358
343
351
350
356
343
356
347
357
349
353
341
352
350
340
348
347
354
361
349
359
344
348
340
349
350
351
349
352
351
349
352
343
343
350
348
345
347
345
345
345
347
348
359
348
346
352
352
361
358
352
349
348
348
352
347
350
352
350
352
351
354
349
377
344
363
369
323
320
342
310
313
328
322
354
370
333
340
374
352
352
370
382
363
363
355
338
305
294
268
226
539
281
285
449
440
252
364
464
238
360
408
322
308
426
346
285
413
376
336
360
379
348
341
356
325
346
334
319
324
336
331
318
316
323
433
330
329
421
338
318
362
375
323
364
366
325
376
345
334
353
334
337
338
320
327
335
318
343
421
339
321
406
358
325
362
384
328
351
392
366
360
367
363
335
378
337
335
331
333
335
313
295
307
380
407
309
336
434
309
327
396
359
332
362
381
313
356
428
326
348
402
331
331
355
336
324
343
326
335
325
297
276
465
339
318
395
404
323
318
427
333
309
391
336
324
395
390
316
350
390
297
333
370
308
338
349
322
343
325
324
302
308
421
355
322
357
386
329
305
395
356
318
408
390
333
375
370
336
355
368
327
323
354
328
305
325
315
310
430
346
303
398
377
319
361
394
347
327
370
365
320
361
378
363
341
359
365
347
347
355
341
334
349
332
333
345
343
324
326
342
381
367
346
375
377
352
345
366
358
347
351
363
349
351
359
351
335
349
347
324
323
335
325
350
391
364
322
356
370
340
329
363
357
344
342
365
367
349
374
370
340
349
364
339
335
340
341
339
339
345
338
339
327
308
378
398
342
327
373
387
343
331
365
382
368
352
364
368
358
333
338
351
342
330
331
328
307
278
362
413
364
307
323
390
385
336
318
358
390
363
329
337
366
371
365
360
352
356
344
347
344
344
337
332
338
341
337
346
348
345
348
353
352
352
347
347
359
357
351
355
352
352
352
349
345
349
346
347
347
342
339
337
340
339
347
347
335
340
351
345
339
346
344
344
352
345
350
342
356
354
351
356
353
356
355
354
341
345
347
352
359
352
348
350
356
345
343
361
353
352
342
352
348
342
344
345
350
354
345
344
348
344
347
346
348
355
356
351
352
345
347
348
351
353
346
355
354
355
351
352
346
348
346
346
351
348
347
356
361
347
345
345
350
352
350
350
347
348
349
342
351
356
351
354
356
352
353
351
351
348
356
351
356
355
354
348
344
350
353
348
348
352
348
345
339
336
346
344
339
350
353
359
353
353
348
351
348
353
352
351
345
347
347
350
349
357
347
345
355
355
345
348
346
348
350
355
350
347
351
346
353
340
351
350
346
352
346
347
348
347
346
351
355
351
356
357
351
352
352
348
341
343
345
344
350
349
350
348
344
343
350
350
344
344
350
345
351
353
354
345
347
346
351
342
340
347
346
352
355
351
348
352
355
354
351
348
348
353
353
357
353
350
346
340
345
348
348
350
341
347
341
345
347
353
351
350
345
355
354
349
349
350
352
352
345
345
347
345
340
345
342
351
345
346
349
351
345
351
351
349
350
347
348
352
352
348
348
349
348
349
352
350
348
347
353
353
348
345
349
341
347
359
353
358
347
346
347
347
348
350
356
345
352
350
359
351
352
352
353
367
384
351
329
338
374
358
353
336
349
355
349
364
355
343
356
343
353
366
362
340
353
354
351
355
352
340
340
348
357
343
342
356
343
351
350
333
344
350
347
340
354
347
340
343
343
355
348
342
366
353
358
354
344
351
361
365
352
351
360
349
339
351
359
346
341
335
347
348
344
352
352
348
337
352
345
348
348
339
347
350
331
344
337
332
359
342
339
355
330
344
362
344
368
407
413
452
461
389
364
315
268
256
236
273
335
398
429
412
384
358
340
337
321
348
346
338
339
315
336
348
333
320
285
277
259
272
252
262
278
235
266
268
282
310
313
312
353
360
336
365
374
360
379
373
386
381
366
394
364
364
378
366
370
367
344
373
378
336
365
414
407
408
430
406
393
393
349
357
381
335
312
184
523
501
254
398
524
424
343
422
422
355
294
295
288
192
537
506
191
301
551
352
247
527
429
250
405
329
272
317
152
562
538
135
267
557
344
209
504
461
220
418
375
218
308
183
483
532
250
247
519
369
215
483
514
212
403
431
223
307
260
231
540
441
196
435
403
233
410
521
280
380
422
245
290
313
0
596
503
80
224
485
348
225
465
454
252
430
393
240
345
306
0
566
522
122
297
592
267
230
552
367
252
488
373
262
406
278
87
354
597
296
220
529
341
214
473
397
236
498
398
232
466
336
169
161
673
398
66
335
507
284
261
494
374
216
440
458
286
421
368
247
302
149
548
469
132
369
557
256
238
486
350
232
419
418
320
400
408
287
353
333
229
135
516
384
140
454
509
219
305
461
288
309
427
312
289
464
374
280
422
375
266
341
342
252
169
518
396
219
445
393
243
395
424
276
384
416
292
342
452
313
280
485
359
271
421
348
275
353
336
270
260
463
387
216
355
465
314
296
409
357
279
388
388
302
347
392
316
321
396
357
306
367
377
316
364
382
341
362
340
328
371
351
316
371
355
305
326
318
370
375
315
346
384
341
318
369
369
325
352
382
362
351
364
354
328
399
355
305
359
382
336
345
374
353
351
353
339
359
359
324
342
364
344
335
352
347
332
340
338
335
347
353
335
348
349
336
342
399
337
330
381
344
321
357
354
338
351
338
349
357
348
347
350
362
336
354
360
347
341
354
353
354
354
348
344
356
335
338
373
351
341
353
351
341
350
336
335
350
352
347
355
358
348
345
345
352
350
361
353
343
350
358
351
354
359
351
348
357
354
342
352
356
354
351
344
353
350
348
343
336
338
359
354
340
346
354
353
347
350
352
358
341
340
357
355
347
343
348
358
351
333
344
361
354
337
336
369
334
346
355
342
362
361
358
337
338
353
353
352
345
359
356
354
353
339
353
354
342
359
346
368
349
337
351
346
348
342
352
345
350
347
343
354
354
348
331
346
344
345
352
344
345
336
356
361
330
348
334
351
344
357
358
346
335
351
342
353
337
358
341
336
340
362
352
343
356
335
341
352
362
347
341
365
367
355
360
348
342
342
355
343
354
356
348
358
340
345
348
352
336
354
357
349
356
357
349
351
337
339
352
345
340
346
347
350
348
345
361
350
360
340
340
351
351
351
355
345
348
339
358
342
356
354
351
335
350
348
343
356
341
366
337
346
348
334
345
354
357
345
343
341
360
349
350
342
342
339
345
353
353
359
349
350
359
356
354
348
359
349
340
367
355
335
344
355
346
339
354
361
349
332
348
345
344
345
329
346
345
341
340
342
341
341
342
348
352
351
349
354
348
355
340
354
344
330
354
359
353
350
354
347
347
354
362
356
352
353
340
344
339
347
354
347
340
345
347
349
358
332
346
343
344
349
346
355
354
343
347
362
346
351
350
351
337
353
349
344
353
353
347
344
344
352
353
339
352
356
350
348
356
348
347
356
349
356
346
347
348
353
350
352
347
351
348
351
347
351
352
363
354
346
356
348
353
350
350
348
347
355
354
346
349
348
347
356
353
367
356
356
355
355
353
345
353
345
355
347
340
351
344
351
347
343
342
351
349
355
351
349
345
343
341
346
346
351
347
347
353
346
351
354
353
352
353
362
357
357
351
356
354
355
348
342
342
347
345
352
343
346
343
348
348
345
348
345
358
346
347
346
356
353
352
351
347
353
338
349
359
336
356
360
357
359
338
341
356
344
345
342
351
349
338
346
353
339
347
351
350
344
349
346
346
360
353
343
341
357
349
333
342
350
350
350
344
341
349
356
348
345
350
353
354
346
349
352
354
354
349
356
353
353
342
350
349
347
352
342
342
352
346
342
342
352
354
338
341
342
347
340
343
338
346
352
346
343
341
344
350
350
349
349
359
353
351
345
351
356
346
348
354
346
350
351
341
352
353
347
351
351
348
351
350
352
356
349
352
351
347
346
347
347
344
348
356
347
348
349
354
354
351
354
348
346
343
343
340
353
352
353
353
354
351
346
353
357
353
347
351
353
348
353
351
344
347
345
350
351
353
350
351
349
352
352
350
348
348
352
348
347
346
348
346
348
348
350
353
346
347
344
343
353
348
351
355
353
349
348
342
349
352
346
352
352
349
349
354
344
350
352
350
350
352
354
354
349
355
359
354
357
356
357
353
349
344
349
352
359
355
351
342
353
354
349
346
352
339
342
341
333
342
341
349
348
349
349
348
352
349
344
347
351
354
355
351
350
344
349
349
352
357
352
346
355
354
354
346
343
347
354
349
346
344
349
346
344
339
344
338
342
349
353
349
355
353
348
349
348
348
352
349
350
350
347
349
344
345
352
346
342
349
349
345
345
350
345
351
346
344
349
340
351
345
347
344
347
346
351
349
353
354
347
342
348
346
346
350
354
346
355
347
347
355
351
356
359
359
356
356
357
349
351
355
354
345
354
352
356
353
343
345
350
346
358
362
358
348
355
351
343
347
341
346
351
348
344
349
341
348
343
347
345
345
343
346
349
354
351
348
352
348
347
345
347
347
350
355
350
351
346
348
349
346
351
350
359
350
354
348
352
349
350
356
353
354
349
346
351
346
342
342
346
351
345
354
348
344
349
353
344
348
349
347
354
347
349
343
338
344
347
350
352
355
362
348
349
348
349
347
342
340
344
341
347
344
341
347
352
349
353
350
348
348
347
351
346
350
356
352
351
355
347
345
353
350
352
348
345
348
344
351
341
349
350
352
350
349
345
345
347
351
353
349
348
346
351
343
352
353
347
354
355
349
354
354
349
353
352
352
349
353
349
352
349
351
346
349
348
351
345
350
348
345
347
346
354
348
348
344
348
343
344
347
355
352
351
346
349
348
345
337
357
362
354
355
350
354
356
355
351
351
356
354
352
354
352
354
351
356
345
354
347
353
351
356
353
351
351
350
347
359
350
347
349
352
350
354
351
352
354
350
355
348
344
353
347
349
353
352
348
352
352
340
343
347
343
343
344
339
347
344
342
342
349
348
355
351
348
350
345
345
345
350
351
347
344
345
353
349
342
349
345
351
344
347
353
348
347
352
347
350
349
347
351
356
355
358
350
354
355
347
350
344
342
351
346
345
352
342
349
345
346
352
339
345
339
342
346
347
351
352
355
348
357
349
349
347
347
340
343
349
346
350
352
355
349
345
351
354
351
352
363
356
353
353
352
350
353
345
341
341
342
343
346
347
343
347
351
347
344
348
353
346
340
341
342
344
342
350
349
350
355
346
351
353
359
358
353
355
352
352
348
345
352
353
353
346
349
358
347
343
345
348
350
355
350
354
353
358
352
351
353
352
351
349
346
351
346
352
349
355
357
355
356
355
352
350
361
353
350
350
348
339
352
347
351
352
354
349
348
350
345
351
354
353
346
352
348
346
354
346
346
355
353
349
350
350
351
353
351
345
346
341
344
346
351
353
352
349
350
350
345
344
344
350
340
336
341
342
335
348
347
349
353
348
347
353
359
357
353
350
347
348
347
348
350
354
356
348
347
352
353
356
343
348
348
355
355
361
350
354
351
353
351
355
356
355
355
356
353
361
352
344
348
345
344
344
347
344
346
345
345
343
349
351
347
355
349
348
350
347
343
348
345
349
342
348
349
344
350
350
344
345
348
352
349
346
345
347
346
344
346
345
353
359
344
342
349
349
348
352
351
349
355
351
345
355
346
349
342
354
353
345
349
344
349
346
348
353
348
349
340
346
352
344
347
352
353
351
350
343
340
348
341
347
346
349
349
349
348
348
356
348
357
349
349
352
354
349
354
356
350
351
349
349
352
350
350
351
348
348
353
356
354
352
353
353
351
352
351
347
354
350
353
349
353
354
348
346
347
352
354
354
346
351
351
354
344
350
340
350
348
347
350
344
340
348
344
350
346
343
345
345
342
357
351
352
345
345
345
339
348
349
353
348
353
349
361
359
345
345
346
337
345
342
350
349
345
353
343
354
351
341
346
350
352
351
353
349
351
349
350
350
356
351
357
355
354
351
356
349
352
352
348
340
349
351
343
353
346
341
353
349
342
344
350
346
349
348
351
340
349
346
345
345
346
346
353
351
354
344
348
349
351
354
354
345
347
352
351
347
351
349
351
346
349
352
347
343
348
354
355
349
355
350
349
344
350
352
353
355
349
349
355
345
338
349
341
337
339
345
351
350
340
341
348
351
350
352
340
346
347
348
341
344
347
350
355
363
355
347
348
344
341
346
340
343
340
339
346
348
350
352
347
348
352
347
346
357
354
350
353
353
348
353
350
357
352
354
349
356
353
352
351
355
345
345
349
346
348
346
350
356
351
341
343
358
349
351
349
346
355
355
356
363
351
358
352
347
345
354
355
350
347
348
344
354
354
349
354
351
349
351
349
345
336
353
346
348
356
355
353
353
354
354
353
351
352
350
350
352
352
351
351
354
361
356
347
345
352
346
348
352
337
344
344
345
348
349
350
346
346
343
345
350
342
353
346
348
341
347
343
342
344
340
339
340
338
341
344
343
338
339
345
348
348
349
340
348
350
347
343
349
359
343
347
345
349
347
348
353
348
343
348
352
352
355
357
357
349
350
346
352
353
348
348
350
348
343
343
352
348
351
346
351
352
354
354
350
341
348
350
349
347
340
346
350
349
357
346
349
353
343
349
345
343
344
346
347
354
348
346
346
349
348
350
347
357
355
357
350
353
349
349
353
346
351
351
352
348
356
342
346
347
345
353
345
346
350
352
347
348
350
351
346
353
343
348
349
350
354
355
359
355
358
352
352
345
353
352
350
347
349
348
336
354
349
350
347
345
347
355
351
340
343
347
355
340
351
348
348
348
344
353
350
349
352
357
355
356
357
352
349
350
348
348
350
358
342
350
351
355
352
348
352
355
353
352
354
355
345
347
353
348
344
350
349
355
355
354
348
348
348
347
347
348
345
340
335
345
350
344
347
347
351
351
353
355
350
344
344
346
347
346
349
344
348
347
351
357
351
357
350
353
358
359
348
351
346
347
342
343
348
346
346
344
345
352
349
350
351
357
348
350
349
353
349
357
346
343
345
349
351
356
352
354
355
360
351
346
347
352
355
357
358
349
350
345
351
352
343
353
348
348
347
350
353
354
352
343
353
343
352
354
346
347
343
347
355
351
352
352
353
343
352
351
347
347
350
347
348
355
347
343
350
349
347
355
346
344
347
354
344
346
340
346
342
346
340
353
357
359
361
357
351
358
352
350
346
346
348
349
346
349
355
348
343
346
346
355
354
356
357
353
353
353
352
359
347
348
354
349
350
349
353
343
346
347
350
346
356
350
350
350
350
353
346
348
346
342
338
338
348
352
347
356
346
345
348
344
339
344
351
359
343
345
346
349
344
336
345
344
345
349
352
359
349
342
340
346
346
342
343
347
351
344
356
347
341
347
343
347
348
350
351
344
344
348
349
353
345
349
353
354
345
346
345
346
354
357
347
349
351
346
350
347
348
349
346
344
346
351
345
355
349
340
347
345
341
347
349
347
351
350
344
346
343
347
351
350
349
358
358
355
357
354
354
356
351
351
348
354
346
351
348
348
351
346
352
345
349
345
346
346
348
350
350
350
344
341
351
346
342
339
339
342
347
343
346
350
345
351
348
350
346
347
345
352
358
352
349
351
353
349
349
353
344
347
345
347
351
352
354
348
355
350
353
358
350
357
350
353
356
357
351
352
353
352
353
350
353
353
355
352
350
352
346
354
356
350
348
359
350
351
350
351
348
349
350
357
351
344
344
355
352
355
353
351
349
355
344
352
347
355
343
347
345
353
340
354
350
349
353
352
349
349
348
352
353
342
345
343
347
356
349
347
342
349
350
350
352
343
350
339
347
355
354
357
347
349
346
347
346
344
344
345
344
352
346
343
350
345
347
346
349
349
339
348
343
353
348
340
345
351
345
348
348
359
353
355
347
343
346
351
344
343
350
347
343
353
350
346
352
346
351
347
352
349
349
347
346
344
350
351
346
347
354
360
351
355
345
348
343
347
342
353
348
349
349
344
349
351
352
345
354
349
343
359
348
342
343
347
344
346
350
346
353
351
348
358
351
345
348
349
360
359
343
348
345
350
361
349
350
350
342
343
353
348
351
351
347
342
348
349
351
353
352
350
347
348
343
341
346
352
345
353
352
353
351
357
355
353
354
349
356
357
349
348
348
346
349
347
340
345
349
350
356
352
353
350
354
346
352
352
346
347
344
353
352
354
348
354
351
349
345
355
352
346
342
357
349
351
350
350
349
356
345
347
351
341
351
350
346
346
348
359
359
345
344
348
352
353
346
348
352
350
349
354
350
339
342
348
345
347
345
354
360
350
346
343
343
345
352
344
343
344
345
347
346
343
346
344
352
346
346
349
346
352
350
344
354
349
343
343
354
351
352
351
349
355
347
340
344
351
351
345
356
358
362
353
353
358
347
350
350
355
352
341
353
351
355
356
351
354
352
352
349
349
348
353
349
349
351
353
351
354
345
346
352
353
354
350
348
347
348
343
341
352
351
347
348
357
350
358
358
348
353
353
349
345
354
354
361
348
351
343
343
346
348
344
348
352
344
344
347
354
343
354
348
349
347
348
349
346
347
346
337
341
348
341
354
355
352
350
360
351
345
344
339
338
344
346
343
362
352
342
358
345
349
348
357
350
360
361
357
354
344
352
340
351
348
351
355
352
352
342
349
349
354
345
345
353
357
357
360
351
355
355
353
357
347
350
350
350
343
348
342
352
348
348
352
349
344
345
349
348
347
349
354
344
349
340
335
340
339
351
344
347
348
353
345
340
341
338
349
347
343
347
340
348
343
344
343
348
348
349
349
345
356
346
358
356
354
353
360
352
351
348
344
345
343
350
357
347
351
346
343
348
344
349
351
357
343
347
345
343
356
349
347
346
354
348
349
353
353
355
345
350
347
344
351
352
363
351
350
357
350
356
347
346
353
352
361
353
353
351
346
355
360
349
350
351
348
354
354
346
348
348
353
346
353
352
351
346
349
349
353
342
344
342
346
339
342
349
333
341
346
347
343
348
351
349
353
343
349
353
347
357
358
355
351
356
356
343
347
340
348
348
344
337
341
338
347
353
354
348
356
348
349
347
349
347
350
357
350
356
355
358
358
351
354
352
353
345
345
348
344
350
349
348
350
356
353
348
348
348
340
344
343
350
354
349
353
348
347
352
352
352
349
351
353
353
346
353
352
352
354
353
354
348
346
353
349
346
352
346
344
354
349
343
344
342
351
346
352
351
345
346
340
351
341
347
349
349
345
341
345
347
349
360
344
343
341
341
344
349
339
345
342
342
347
340
348
350
348
350
354
354
348
347
345
344
346
344
350
344
341
345
348
349
347
347
346
345
340
353
345
353
349
343
344
351
342
347
348
350
350
351
352
354
354
345
352
349
349
354
358
355
356
349
351
345
356
346
348
347
346
352
352
346
349
344
351
358
349
352
355
355
350
351
353
352
347
351
348
346
346
349
352
353
353
345
356
352
345
353
352
346
351
347
344
350
348
347
348
347
346
341
347
346
347
354
343
350
344
352
356
353
351
349
355
351
349
348
349
352
350
347
347
347
350
354
348
353
353
350
347
348
350
351
348
352
354
348
349
355
342
344
346
348
348
345
348
350
349
357
354
351
351
351
357
345
351
351
353
350
352
345
356
339
348
349
353
357
352
349
351
345
352
347
346
352
345
346
341
349
345
347
339
345
340
347
344
346
339
339
348
337
344
345
347
353
352
348
346
341
345
342
348
344
347
349
346
343
345
343
347
341
347
349
346
349
349
346
344
351
350
352
354
352
365
354
356
353
352
352
355
350
355
355
356
356
357
357
354
355
351
350
343
350
344
350
353
342
353
359
349
351
351
346
343
340
347
358
341
348
353
346
346
352
354
358
350
351
356
353
345
352
354
350
351
346
349
344
350
345
351
344
347
355
346
344
350
340
352
353
352
344
343
351
346
342
352
350
356
355
352
344
350
348
347
344
347
352
348
355
342
347
352
350
346
348
351
351
348
352
354
351
358
348
352
346
349
356
357
356
347
345
348
350
351
356
349
347
350
351
352
352
350
348
353
351
350
349
351
336
348
355
353
358
345
348
343
350
351
347
356
347
349
345
338
340
345
341
344
352
346
353
355
352
346
347
344
354
353
348
353
344
348
346
344
350
351
341
355
350
352
357
345
346
347
350
339
345
344
342
345
345
346
345
347
344
347
349
360
356
346
343
353
354
351
352
342
343
337
346
349
347
344
344
352
350
349
347
347
347
340
350
346
348
345
354
346
346
349
345
347
342
351
357
350
345
351
355
352
353
349
352
351
355
353
350
346
346
349
355
354
352
355
348
348
355
345
355
350
353
347
349
359
349
349
352
350
349
346
349
346
350
358
353
345
354
347
352
349
350
347
345
347
349
351
357
344
350
342
344
349
351
347
348
347
346
345
344
349
351
340
344
344
349
343
343
344
347
344
347
349
349
353
349
353
350
351
349
345
350
343
345
350
350
349
334
352
351
355
352
343
356
344
348
352
355
352
352
350
355
347
341
350
349
347
352
351
351
346
351
348
349
345
351
352
345
348
352
350
352
355
349
344
352
354
353
352
354
350
353
358
351
351
348
345
348
342
347
339
341
342
344
344
348
345
342
345
340
345
346
344
347
346
341
345
342
353
351
347
350
350
357
355
349
349
351
354
357
345
351
343
348
344
348
350
344
347
347
343
342
340
347
358
348
347
356
350
348
350
353
359
352
349
358
345
340
353
346
345
352
350
350
349
353
350
347
348
351
351
346
353
351
347
346
343
349
348
349
352
350
349
346
335
345
350
339
337
345
347
348
346
353
351
346
348
350
354
353
353
355
355
341
352
349
342
351
346
356
348
348
346
349
351
356
350
343
356
341
352
346
353
352
349
349
345
350
351
354
350
351
346
342
356
347
349
344
344
358
354
349
346
354
351
355
350
344
351
351
353
345
344
347
348
354
348
349
348
346
347
351
358
352
356
345
354
351
355
353
349
351
351
351
357
349
348
345
341
345
341
342
344
342
350
344
350
355
354
355
353
355
349
348
350
344
348
348
351
347
341
344
343
347
349
353
347
344
351
349
349
345
343
345
346
346
354
352
357
346
350
348
350
344
347
345
348
343
347
346
349
350
346
349
353
346
350
354
353
344
341
348
335
346
344
345
344
347
344
347
343
343
350
349
353
355
350
352
349
361
349
350
347
349
356
349
351
346
352
345
350
353
350
352
353
355
353
362
356
355
346
349
345
354
356
351
348
349
354
349
345
348
350
354
349
349
350
356
350
345
356
354
351
355
353
359
350
348
348
347
342
344
347
352
346
341
352
353
358
355
350
353
352
346
351
349
350
342
354
348
346
350
346
352
349
345
351
351
351
341
353
354
349
353
351
349
350
349
348
348
351
358
353
354
353
352
354
343
347
342
351
343
348
350
349
338
339
343
340
348
347
348
350
348
341
346
338
346
349
352
352
343
349
351
349
344
346
350
347
344
346
347
353
349
347
352
349
345
350
348
353
356
350
348
346
345
344
345
350
349
356
356
351
355
347
346
349
348
340
351
351
345
347
359
347
348
345
351
350
352
348
344
347
341
341
339
348
351
349
352
355
359
351
345
355
345
346
344
344
350
347
350
351
347
350
352
346
351
350
349
346
348
355
349
347
352
344
346
341
344
351
347
352
346
343
347
349
350
348
353
356
356
353
355
356
354
351
350
348
352
355
356
347
349
349
357
350
351
350
343
358
352
351
345
351
342
355
352
351
348
347
347
350
359
355
349
355
347
352
350
349
355
351
351
349
358
354
357
350
351
343
340
340
348
346
351
342
352
347
346
350
348
356
350
351
341
346
357
344
349
351
350
348
347
355
357
354
341
346
341
347
342
346
352
350
356
349
343
351
350
353
353
349
344
347
349
351
349
349
344
346
349
350
348
340
340
337
337
347
340
349
346
346
352
349
356
349
347
345
351
360
356
349
343
349
347
350
352
353
352
348
348
345
352
343
352
349
340
339
344
352
345
349
345
347
350
344
349
345
347
354
336
341
344
344
343
347
351
353
344
346
344
352
343
354
348
352
355
350
351
348
347
345
352
351
341
349
349
344
337
341
344
354
351
353
350
352
346
342
350
352
350
344
348
343
336
340
337
348
346
351
353
345
355
347
347
355
349
352
347
343
339
351
345
348
356
354
349
350
345
352
352
348
358
349
353
357
349
348
348
352
355
350
355
351
355
345
351
352
351
348
359
353
353
352
357
359
351
358
352
351
348
347
354
352
354
350
353
351
348
345
343
347
344
348
346
348
345
345
344
357
351
348
340
343
348
350
347
342
345
345
354
354
362
358
354
349
347
352
347
351
357
356
351
354
348
347
351
351
350
348
350
347
355
356
352
359
353
349
348
349
353
349
348
350
352
343
345
344
338
337
345
340
345
345
346
347
343
345
341
339
343
346
355
343
347
354
344
352
347
355
352
349
349
351
350
355
345
354
358
360
356
351
352
356
351
346
358
356
346
345
353
348
352
352
353
349
341
351
351
360
347
360
356
349
347
338
347
344
347
348
344
348
352
348
347
351
346
344
347
344
339
350
348
340
343
341
340
342
344
342
351
350
348
347
356
357
350
351
353
352
352
356
361
348
360
354
350
353
346
350